# Created by Octave 3.8.0, Sat Feb 18 00:50:31 2017 GMT <mateuszochal@Mateusz-MacBook-Pro.local>
# name: Theta2
# type: matrix
# rows: 2
# columns: 81
 -0.01662794846346455 -0.06959177915672565 -0.04920025449235804 0.07000961821005577 -0.2397578804773947 0.01334651182469913 -0.04756730495416876 0.04492825163048712 0.1244285510530962 0.676135244517781 0.08683568647684695 1.511497086942422 0.103231530838891 -0.02362447660361241 0.1064170388257962 0.0465994762942493 -4.082798096354249 -0.02594627574836962 0.09066292437038263 -0.08509112766371603 0.0630729447805278 0.01185135879334552 0.1265634084151914 -0.06216630802971189 0.0543104205480091 0.03931570564993655 0.1616221040564209 -0.1062436133522393 -0.05404644956851633 -0.04426665560828735 -0.03603602390057084 -1.51268225212385 0.0788830257100134 1.225656326988753 0.04962972021399849 -0.04269595999737855 -0.02714392925924734 0.09711444536789388 -0.09853713375536803 -0.1068369831908887 -0.06274629685044932 -0.00795095107805018 0.1291210800698431 0.02623675413471624 0.03699637127183222 0.0851500092249869 -0.08434758633687207 0.1789130446298166 0.1513253186878003 -0.08067462659017305 0.8387355430235541 0.002978624240066016 0.06546263594312191 0.07525223076962857 -0.02269477374009119 -0.04478902022214637 0.1226461004731873 -0.04367734847763256 -0.06931177042975113 -0.05669110088400751 0.04674309060552683 0.07499310971280761 0.04741883862967623 0.009005107466564176 0.08938249003669835 -0.07899143533114986 0.05802216727888669 -0.07339286747759607 0.08657078283929368 0.08542655861753799 -0.07126099280812764 0.0400200857646461 -0.01755097184423851 0.04656865860557508 0.1001415027509214 -0.04038513132756248 -0.07136195835926899 -0.002630989355802894 0.08890818394288108 0.003565396230405002 0.06873897325938981
 -0.1828421987338505 -0.3569608532601117 -0.3238040869009211 -0.2332328598540549 -0.1257637763276296 -0.3501808299769263 -0.1859515951073373 -0.2361413982366597 -0.1650124483636042 -0.04382850868633908 -0.02901154491015763 0.1024509250787205 -0.09431492682861141 -0.08764082743766745 0.0819473067679404 -0.3413082117817425 0.03764096413311469 -0.2901519098138982 -0.09782602183686277 -0.08554773736902872 -0.003441014200605063 0.08524936597850853 -0.3155644359421176 -0.1827621164760641 -0.2474712093947589 0.05239537268240663 -0.2504717597663028 0.00847859271334094 -0.1008718162097007 -0.01675127258087369 -0.05466272461477527 -0.2663775542088108 -0.06538171228425588 0.01926602072169251 -0.2505527876620261 -0.04742471910515037 -0.09129884431882104 -0.2613274207545378 -0.06915759674908822 0.06894069843116422 -0.2161625616096908 -0.2014864646811514 -0.1605227350539415 -0.07096024621546414 0.03415637451041206 -0.3205658025221448 0.08294645300525882 0.0648629829205051 -0.3568913603012938 0.04482288586127804 0.07800217624564471 -0.1866662576268452 -0.03182308686255662 -0.07752343386390707 0.04818486391481128 -0.2676249641996118 -0.03362563398670673 -0.3088160125773675 -0.2324375833752543 -0.3196601724035879 -0.05494861234826904 0.006267088853936275 -0.2624079521940974 0.04762916757450404 0.04424457007973229 -0.01888969213804699 -0.1789713603835548 -0.2808182997972139 0.09011909283578053 -0.1125303210289009 -0.09665476325981118 0.0205983326182809 -0.1174841021857961 0.1109413767994118 -0.3060441722332172 0.08320681920317657 -0.01340868327924808 0.08359395688795586 -0.09281360663259058 -0.075074506313501 -0.2955997900750106


