# Created by Octave 3.8.0, Sat Feb 18 20:46:04 2017 GMT <mateuszochal@Mateusz-MBP.lan>
# name: Theta2
# type: matrix
# rows: 2
# columns: 81
 0.09119933600052638 0.02092601004554904 0.1149871895110771 -0.04697297259875498 -0.08827812736861533 0.07016468768618839 0.1182316002616938 -0.03124447009098953 0.3040920166049018 -0.06921390487586918 0.004843705007648687 -0.01080548590810117 0.08031147043379136 -0.06207844896245352 -0.03014953729039656 -0.1126109800402618 -0.06558934220617546 -0.005634764894566756 0.1046463697137479 0.5310541591754875 0.07093087057537367 -0.0599248861473766 -0.01429421270130339 0.03930159052847317 0.1182308284001708 0.1984150562577809 0.005059874863477855 -0.002871725278459295 -0.001720639623966943 -0.02126456130979205 -0.0039406517970618 -0.1080434760900046 -0.033698717537172 0.09554156252211649 -0.01100658817977537 0.04701441758658317 -0.05622438488645237 -0.0742840593715966 -0.08409433396835872 0.09356469339568906 -0.04221200821058475 -0.01661474279537703 0.0255894272347509 -0.03677037853804644 -0.08458520802971579 0.05119920648707729 -0.1073580711913551 -0.08521402107178969 0.1119713945612673 -0.1537752467962994 -0.02820016204819556 -0.7359748093677186 0.001636813939392446 -0.2346380906882806 0.09308526515570532 0.003108814000279189 -0.1993526341248151 -0.02005789423246835 -0.01015403205544486 -0.107438528803718 0.0708899358017635 -0.02600543107063957 0.1312292778261508 -0.08151169601939603 -0.02934835216752723 -0.03138686111198706 0.04039995191036156 0.09020624497802174 -0.03832204497344461 -0.0806007558341255 0.0223240873781885 -0.05340951469810729 -0.04795436442345386 0.09013687032419644 -0.09710803746766601 -0.1172742100642702 0.04046668391861542 0.1107612667771092 0.01269218220246515 0.04755607325930281 -0.1032757400360786
 -0.05716636706273111 -0.1953498098633789 -0.08920000745392659 0.05854433254830354 -0.2088602018631457 0.09354974476076958 -0.07306208833289307 0.02935802934860286 -0.0228829974431294 -0.1590442119426218 -0.08233738768148958 -0.05291816550615529 0.05889678308239615 0.01982568131768946 -0.2274355220169563 -0.2659739046820055 0.04715758959192735 0.03809123727907596 -0.1801685636848758 0.06772466688303748 -0.2166591758040236 0.06644518563229786 0.02493887895744248 -0.07123170060580572 -0.04472833870673008 0.06240562996654962 -0.07730441470248317 0.06768926594453305 0.1102313406082421 0.03095070129459234 -0.05808779229166718 -0.08179233551368106 -0.263410148842519 -0.1437028662183819 -0.01443840490894407 -0.250990663834478 -0.108799462710082 -0.109449621186248 -0.04873054146230286 -0.08657952598552542 -0.2301901213047201 -0.02025186025498484 -0.07380870515019164 0.08281961305963355 -0.240568019602171 -0.0889713214648086 -0.08094817371558924 0.09292304572897261 -0.2596506268777982 -0.09581705911367795 -0.1880018453250853 0.02807558057636925 -0.2461173193265517 -0.1693850218044818 -0.04085207616686366 -0.1374482930074278 -0.186801175059082 -0.2040376333372242 -0.1454036615254066 -0.1058377546743894 -0.2049080512234678 -0.1662692045588647 -0.1085547558088828 -0.1662212759565868 -0.2088632773152047 -0.2410103787990354 -0.08371057254491383 -0.02058347203526089 -0.1025384117990161 -0.1044587962782017 -0.06300110333197993 -0.1764636517341731 0.03778786886799108 -0.1804351068057411 -0.03635937256743835 -0.06592833744335418 -0.1691211733174668 -0.1770996769505234 -0.2328277785295848 -0.2102505580212398 -0.1520747629243472


